Sample 100  2 dimenational points  

Out[21]: 
array([[ 1.1084632 ,  1.26471376],
       [ 0.54946712, -2.55638221],
       [ 1.04656206,  1.21173033],
       [ 0.22693166, -0.96348444],
       [ 0.68112725, -0.98776459],
       [ 2.07294545,  2.02855114],
       [ 1.1241983 ,  0.71875334],
       [ 0.55490775, -0.52649669],
       [-0.1748543 , -1.12594739],
       [-0.19438913,  2.36554278],
       [ 1.83162085, -0.77814017],
       [-1.63510886, -0.96363822],
       [-0.52939367, -0.71477671],
       [ 0.93108323, -1.4644348 ],
       [ 2.51426516, -0.06443044],
       [ 1.1008305 ,  2.01799145],
       [ 0.95223088,  0.19933991],
       [-0.57014444, -0.35445533],
       [ 1.40361357, -1.14580913],
       [-1.4861975 , -1.10474418],
       [-1.53894125, -0.62252557],
       [ 0.6424364 ,  0.17355747],
       [-0.85420752, -0.31635267],
       [-0.71836085, -1.47936706],
       [-0.75054352, -0.50539878],
       [ 1.60510534,  0.48048449],
       [-1.28222386, -0.14428845],
       [ 2.30729059,  0.31590548],
       [-1.81560489, -0.36942146],
       [ 0.31820549, -1.94343134],
       [ 1.86120348,  1.84166589],
       [ 2.58882824, -0.01805597],
       [-1.82118638,  0.36053483],
       [ 1.43766202, -2.12144036],
       [ 1.54025339, -0.42354709],
       [ 0.29984926, -2.08133977],
       [ 0.09500016, -0.81306439],
       [ 0.4307976 , -0.20839782],
       [ 0.27603001, -0.52288384],
       [ 2.66820134, -0.33886436],
       [-0.78709287,  1.45753302],
       [ 1.78864515, -1.75595206],
       [ 0.07886481, -1.32310922],
       [ 1.64460118, -0.77689064],
       [-0.79123328, -0.07152987],
       [ 1.68511659,  2.56862524],
       [ 0.04177654,  0.32712242],
       [ 1.66506189,  0.89404995],
       [-0.99264999,  0.25010935],
       [ 1.2772047 , -1.76514306],
       [ 0.7564615 ,  1.10944428],
       [-0.20241952, -1.86437807],
       [ 0.72887123,  0.78838807],
       [ 2.23483664,  1.28011005],
       [ 1.21914739,  0.40213298],
       [ 0.97250203, -1.81766545],
       [-0.67403629, -2.07537058],
       [ 0.43761324, -1.48268484],
       [ 0.14219514, -0.40894592],
       [ 1.59978143, -1.45571792],
       [-1.30460749,  0.29448461],
       [ 0.30729127, -0.36576874],
       [-1.28953329, -1.52321837],
       [-1.8893395 , -0.3214223 ],
       [-0.14113884,  1.32394758],
       [ 0.55597453,  0.74608118],
       [ 0.98027244,  1.29983231],
       [ 0.47867162, -1.57850698],
       [-1.18760236, -0.43828052],
       [ 0.26601292,  0.00598744],
       [ 0.37317341,  1.27083175],
       [ 0.34605942,  0.03636035],
       [ 0.52927769,  0.74831279],
       [ 1.36629366, -1.12008243],
       [ 0.9277468 ,  1.28741895],
       [-0.12972849,  0.8510818 ],
       [ 0.12304325,  1.54424325],
       [-1.60285798,  0.33704547],
       [ 0.37854998, -0.38655753],
       [-0.73650213, -1.76958055],
       [-1.47203286, -0.97771861],
       [ 1.11667145, -0.55547799],
       [ 1.66459456, -0.93871413],
       [ 1.53272641,  1.08517251],
       [ 0.75220426, -1.96246591],
       [ 0.19677194, -1.30647403],
       [ 0.64324347,  0.69334799],
       [ 0.65137728,  0.35067244],
       [ 1.31070426,  1.23357203],
       [ 0.4823059 ,  0.08011022],
       [ 2.04585535,  0.85638922],
       [-1.21808677, -0.96068426],
       [-1.609558  , -1.40519477],
       [-0.04388031, -0.69242581],
       [ 1.03203096,  0.8689713 ],
       [-1.74952684, -0.26188379],
       [ 0.36102444, -0.2180886 ],
       [-0.91116154, -0.71860745],
       [-0.33692362, -1.10850707],
       [-0.48963661, -0.90971196]])